id,name,text,trans
0000000000000,手毬,今日はここでイメージビデオの\n撮影、でしたっけ。,今天是在这里拍摄形象视频的\n对吧？
0000000000000,手毬,…………いい場所だね。,…………真是个好地方呢。
0000000000000,手毬,撮影中、どんなことをすればいいの？,拍摄时我该做些什么呢？
select,,歩きましょう,走走路吧
select,,歌いますか？,要唱歌吗？
select,,読書でも\nしますか？,还是看看书？
0000000000000,手毬,それだけ？　\nまあ、それでいいなら歩きますけど。,就这样？\n不过你觉得可以的话我就走走吧。
0000000000000,{user},いい絵が撮れたんじゃないか……？,应该能拍到不错的画面吧……？
0000000000000,手毬,たしかに、こんな場所で\n思い切り歌えたら気持ちよさそうです。,确实，在这种地方\n放声歌唱应该会很畅快。
0000000000000,{user},いい絵が撮れたんじゃないか……？,应该能拍到不错的画面吧……？
0000000000000,手毬,知的なイメージがある私に、\n合っていますね。,和我知性的形象\n很相配呢。
0000000000000,{user},いい絵が撮れたんじゃないか……？,应该能拍到不错的画面吧……？
info,adv_pevent_002_ttmr_sales_3-001-01.txt,,
译者,Pro/deepseek-ai/DeepSeek-V3,,
